776
-363
-413
57
-642
585
12416
-5808
-6608
912
-10272
9360
346
386
171
220
4133833
-250793
-4360539
413
363
-776
645
-588
-57
6608
5808
-12416
10320
-9408
-912
309
350
171
220
42010
3614844
-4133832
785
-369
-416
47
541
-588
12560
-5904
-6656
752
8656
-9408
310
347
210
259
4156722
-3842537
127845
416
369
-785
-538
585
-47
6656
5904
-12560
-8608
9360
-752
344
381
210
259
4532670
65934
-4156721
1041
-625
-416
-627
89
538
16656
-10000
-6656
-10032
1424
8608
347
386
194
259
8365416
-4131971
-4532669
413
-1041
628
-585
627
-42
6608
-16656
10048
-9360
10032
-672
347
386
194
259
4360540
-8365415
3654842
-256
619
-363
-556
-32
588
-4096
9904
-5808
-8896
-512
9408
309
346
171
210
457849
3509352
-3614843
-625
369
256
-15
-541
556
-10000
5904
4096
-240
-8656
8896
309
344
194
233
-3041029
3842538
-457848
-628
416
212
42
588
-630
-10048
6656
3392
672
9408
-10080
310
350
220
259
-3654841
-127844
3395950
-212
625
-413
630
15
-645
-3392
10000
-6608
10080
240
-10320
309
350
194
233
-3395949
3041030
-42009
988
-619
-369
553
32
-585
15808
-9904
-5904
8848
512
-9360
344
381
171
233
3949209
-3509351
-65933
625
363
-988
-89
642
-553
10000
5808
-15808
-1424
10272
-8848
346
386
171
233
4131972
250794
-3949208
